SERIAL	DEPARTURE	ARRIVE	COST
1	1	2	25
2	2	3	16
3	3	4	14
4	4	5	10
5	5	6	56
6	6	7	29
7	7	8	53
8	8	9	16
9	9	10	13
10	10	11	12
11	11	12	16
12	12	13	14
13	13	14	23
14	14	15	12
15	15	16	13
16	16	17	17
17	17	18	10
18	18	19	14
19	19	20	11
20	20	21	11
21	21	22	14
22	22	23	8
23	23	24	8
24	24	25	14
25	25	24	14
26	24	23	8
27	23	22	8
28	22	21	14
29	21	20	11
30	20	19	11
31	19	18	14
32	18	17	10
33	17	16	17
34	16	15	13
35	15	14	12
36	14	13	23
37	13	12	14
38	12	11	16
39	11	10	12
40	10	9	13
41	9	8	16
42	8	7	53
43	7	6	29
44	6	5	56
45	5	4	10
46	4	3	14
47	3	2	16
48	2	1	25
49	25	26	10
50	26	27	9
51	27	28	7
52	28	29	6
53	29	30	8
54	30	31	9
55	31	32	8
56	32	33	10
57	33	34	11
58	34	33	11
59	33	32	10
60	32	31	8
61	31	30	9
62	30	29	8
63	29	28	6
64	28	27	7
65	27	26	9
66	26	25	10
67	34	35	14
68	35	36	10
69	36	37	13
70	37	38	19
71	38	39	13
72	39	40	15
73	40	41	11
74	41	42	17
75	42	63	10
76	63	64	12
77	64	65	15
78	65	67	17
79	67	68	15
80	68	69	12
81	69	70	12
82	70	71	10
83	71	72	10
84	72	73	14
85	73	74	12
86	74	75	19
87	75	76	12
88	76	77	14
89	77	78	10
90	78	79	10
91	79	81	12
92	81	82	12
93	82	83	15
94	83	84	17
95	84	85	15
96	85	86	12
97	86	87	10
98	87	88	17
99	88	89	11
100	89	90	15
101	90	91	13
102	91	90	13
103	90	89	15
104	89	88	11
105	88	87	17
106	87	86	10
107	86	85	12
108	85	84	15
109	84	83	17
110	83	82	15
111	82	81	12
112	81	79	12
113	79	78	10
114	78	77	10
115	77	76	14
116	76	75	12
117	75	74	19
118	74	73	12
119	73	72	14
120	72	71	10
121	71	70	10
122	70	69	12
123	69	68	12
124	68	67	15
125	67	65	17
126	65	64	15
127	64	63	12
128	63	42	10
129	42	41	17
130	41	40	11
131	40	39	15
132	39	38	13
133	38	37	19
134	37	36	13
135	36	35	10
136	35	34	14
137	79	80	38
138	80	79	38
139	66	65	37
140	65	66	37
141	91	92	94
142	92	91	94
143	92	93	38
144	93	94	30
145	94	95	13
146	95	96	16
147	96	97	16
148	97	98	49
149	98	97	49
150	97	96	16
151	96	95	16
152	95	94	13
153	94	93	30
154	93	92	38
155	42	43	16
156	43	44	13
157	44	45	30
158	45	46	38
159	46	47	54
160	47	48	94
161	48	49	37
162	49	50	48
163	50	51	22
164	51	52	38
165	52	53	40
166	53	54	27
167	54	55	27
168	55	56	24
169	56	57	43
170	57	58	29
171	58	59	21
172	59	60	26
173	60	61	29
174	61	62	26
175	62	61	26
176	61	60	29
177	60	59	26
178	59	58	21
179	58	57	29
180	57	56	43
181	56	55	24
182	55	54	27
183	54	53	27
184	53	52	40
185	52	51	38
186	51	50	22
187	50	49	48
188	49	48	37
189	48	47	94
190	47	46	54
191	46	45	38
192	45	44	30
193	44	43	13
194	43	42	16
195	99	100	19
196	100	101	17
197	101	102	10
198	102	41	18
199	41	102	18
200	102	101	10
201	101	100	17
202	100	99	19
203	27	146	10
204	146	145	10
205	145	144	17
206	144	125	16
207	125	144	16
208	144	145	17
209	145	146	10
210	146	27	10
211	33	134	12
212	134	133	13
213	133	132	10
214	132	131	8
215	131	130	12
216	130	129	10
217	129	128	18
218	128	127	9
219	127	126	16
220	126	125	12
221	125	124	8
222	124	123	23
223	123	122	10
224	122	121	9
225	121	120	12
226	120	119	11
227	119	118	10
228	118	117	8
229	117	116	9
230	116	115	9
231	115	114	10
232	114	113	6
233	113	112	8
234	112	111	7
235	111	110	11
236	110	109	8
237	109	108	9
238	108	107	8
239	107	106	13
240	106	105	11
241	105	104	20
242	104	103	11
243	103	41	9
244	41	143	12
245	143	142	10
246	142	141	17
247	141	140	19
248	140	139	14
249	139	138	12
250	138	137	9
251	137	136	10
252	136	135	23
253	135	136	23
254	136	137	10
255	137	138	9
256	138	139	12
257	139	140	14
258	140	141	19
259	141	142	17
260	142	143	10
261	143	41	12
262	41	103	9
263	103	104	11
264	104	105	20
265	105	106	11
266	106	107	13
267	107	108	8
268	108	109	9
269	109	110	8
270	110	111	11
271	111	112	7
272	112	113	8
273	113	114	6
274	114	115	10
275	115	116	9
276	116	117	9
277	117	118	8
278	118	119	10
279	119	120	11
280	120	121	12
281	121	122	9
282	122	123	10
283	123	124	23
284	124	125	8
285	125	126	12
286	126	127	16
287	127	128	9
288	128	129	18
289	129	130	10
290	130	131	12
291	131	132	8
292	132	133	10
293	133	134	13
294	134	33	12
295	147	148	16
296	148	149	9
297	149	150	14
298	150	151	25
299	151	152	21
300	152	153	26
301	153	154	29
302	154	155	21
303	155	156	17
304	156	157	15
305	157	158	20
306	158	159	13
307	159	160	11
308	160	161	16
309	161	162	9
310	162	163	11
311	163	164	16
312	164	165	11
313	165	166	10
314	166	31	6
315	31	133	7
316	133	167	9
317	167	168	7
318	168	169	8
319	169	170	8
320	170	171	21
321	171	172	15
322	172	173	9
323	173	174	12
324	174	175	16
325	175	113	9
326	113	176	18
327	176	177	12
328	177	178	8
329	178	179	8
330	179	180	8
331	180	181	9
332	181	182	12
333	182	183	18
334	183	184	14
335	184	185	8
336	185	186	8
337	186	187	8
338	187	186	8
339	186	185	8
340	185	184	8
341	184	183	14
342	183	182	18
343	182	181	12
344	181	180	9
345	180	179	8
346	179	178	8
347	178	177	8
348	177	176	12
349	176	113	18
350	113	175	9
351	175	174	16
352	174	173	12
353	173	172	9
354	172	171	15
355	171	170	21
356	170	169	8
357	169	168	8
358	168	167	7
359	167	133	9
360	133	31	7
361	31	166	6
362	166	165	10
363	165	164	11
364	164	163	16
365	163	162	11
366	162	161	9
367	161	160	16
368	160	159	11
369	159	158	13
370	158	157	20
371	157	156	15
372	156	155	17
373	155	154	21
374	154	153	29
375	153	152	26
376	152	151	21
377	151	150	25
378	150	149	14
379	149	148	9
380	148	147	16
381	228	227	29
382	227	226	22
383	226	17	18
384	17	225	15
385	225	224	14
386	224	223	16
387	223	222	15
388	222	221	37
389	221	220	20
390	220	219	26
391	219	218	11
392	218	29	23
393	29	131	26
394	131	167	13
395	167	217	16
396	217	216	30
397	216	34	10
398	34	215	10
399	215	214	9
400	214	213	10
401	213	212	20
402	212	211	16
403	211	210	11
404	210	110	18
405	110	209	27
406	209	208	13
407	208	207	7
408	207	206	12
409	206	205	10
410	205	204	9
411	204	203	7
412	203	202	7
413	202	201	13
414	201	71	7
415	71	200	15
416	200	199	9
417	199	198	10
418	198	197	14
419	197	196	13
420	196	195	15
421	195	194	14
422	194	193	15
423	193	192	13
424	192	191	14
425	191	190	10
426	190	189	12
427	189	188	12
428	188	189	12
429	189	190	12
430	190	191	10
431	191	192	14
432	192	193	13
433	193	194	15
434	194	195	14
435	195	196	15
436	196	197	13
437	197	198	14
438	198	199	10
439	199	200	9
440	200	71	15
441	71	201	7
442	201	202	13
443	202	203	7
444	203	204	7
445	204	205	9
446	205	206	10
447	206	207	12
448	207	208	7
449	208	209	13
450	209	110	27
451	110	210	18
452	210	211	11
453	211	212	16
454	212	213	20
455	213	214	10
456	214	215	9
457	215	34	10
458	34	216	10
459	216	217	30
460	217	167	16
461	167	131	13
462	131	29	26
463	29	218	23
464	218	219	11
465	219	220	26
466	220	221	20
467	221	222	37
468	222	223	15
469	223	224	16
470	224	225	14
471	225	17	15
472	17	226	18
473	226	227	22
474	227	228	29
475	229	230	12
476	230	231	12
477	231	232	11
478	232	233	12
479	233	234	11
480	234	235	10
481	235	236	12
482	236	99	8
483	99	237	9
484	237	238	11
485	238	239	8
486	239	240	9
487	240	142	11
488	142	241	10
489	241	39	10
490	39	242	18
491	242	243	8
492	243	244	11
493	244	245	9
494	245	246	7
495	246	135	11
496	135	247	12
497	247	248	10
498	248	31	9
499	31	132	9
500	132	131	8
501	131	249	9
502	249	250	7
503	250	251	10
504	251	128	12
505	128	252	15
506	252	253	10
507	253	254	15
508	254	255	20
509	255	256	8
510	256	257	12
511	257	258	14
512	258	259	9
513	259	260	9
514	260	261	9
515	261	262	9
516	262	263	9
517	263	264	9
518	264	263	9
519	263	262	9
520	262	261	9
521	261	260	9
522	260	259	9
523	259	258	9
524	258	257	14
525	257	256	12
526	256	255	8
527	255	254	20
528	254	253	15
529	253	252	10
530	252	128	15
531	128	251	12
532	251	250	10
533	250	249	7
534	249	131	9
535	131	132	8
536	132	31	9
537	31	248	9
538	248	247	10
539	247	135	12
540	135	246	11
541	246	245	7
542	245	244	9
543	244	243	11
544	243	242	8
545	242	39	18
546	39	241	10
547	241	142	10
548	142	240	11
549	240	239	9
550	239	238	8
551	238	237	11
552	237	99	9
553	99	236	8
554	236	235	12
555	235	234	10
556	234	233	11
557	233	232	12
558	232	231	11
559	231	230	12
560	230	229	12
561	259	270	9
562	270	271	8
563	271	272	11
564	272	187	9
565	187	273	8
566	273	274	12
567	274	275	10
568	275	274	10
569	274	273	12
570	273	187	8
571	187	272	9
572	272	271	11
573	271	270	8
574	270	259	9
575	264	265	7
576	265	266	9
577	266	267	8
578	267	268	10
579	268	269	8
580	269	268	8
581	268	267	10
582	267	266	8
583	266	265	9
584	265	264	7
