st_No	s_No	p_No	st_Count
1	1	1	100
2	2	1	100
3	3	1	100
4	4	1	100
5	5	1	100
6	6	1	100
7	7	1	100
8	8	1	100
9	9	1	100
10	10	1	100
11	1	2	100
12	2	2	100
13	3	2	100
14	4	2	100
15	5	2	100
16	6	2	100
17	7	2	100
18	8	2	100
19	9	2	100
20	10	2	100
21	1	3	100
22	2	3	100
23	3	3	100
24	4	3	100
25	5	3	100
26	6	3	100
27	7	3	100
28	8	3	100
29	9	3	100
30	10	3	100
31	1	4	100
32	2	4	100
33	3	4	100
34	4	4	100
35	5	4	100
36	6	4	100
37	7	4	100
38	8	4	100
39	9	4	100
40	10	4	100
41	1	5	100
42	2	5	100
43	3	5	100
44	4	5	100
45	5	5	100
46	6	5	100
47	7	5	100
48	8	5	100
49	9	5	100
50	10	5	100
51	1	6	100
52	2	6	100
53	3	6	100
54	4	6	100
55	5	6	100
56	6	6	100
57	7	6	100
58	8	6	100
59	9	6	100
60	10	6	100
61	1	7	100
62	2	7	100
63	3	7	100
64	4	7	100
65	5	7	100
66	6	7	100
67	7	7	100
68	8	7	100
69	9	7	100
70	10	7	100
71	1	8	100
72	2	8	100
73	3	8	100
74	4	8	100
75	5	8	100
76	6	8	100
77	7	8	100
78	8	8	100
79	9	8	100
80	10	8	100
81	1	9	100
82	2	9	100
83	3	9	100
84	4	9	100
85	5	9	100
86	6	9	100
87	7	9	100
88	8	9	100
89	9	9	100
90	10	9	100
91	1	10	100
92	2	10	100
93	3	10	100
94	4	10	100
95	5	10	100
96	6	10	100
97	7	10	100
98	8	10	100
99	9	10	100
100	10	10	100
101	1	11	100
102	2	11	100
103	3	11	100
104	4	11	100
105	5	11	100
106	6	11	100
107	7	11	100
108	8	11	100
109	9	11	100
110	10	11	100
111	1	12	100
112	2	12	100
113	3	12	100
114	4	12	100
115	5	12	100
116	6	12	100
117	7	12	100
118	8	12	100
119	9	12	100
120	10	12	100
121	1	13	100
122	2	13	100
123	3	13	100
124	4	13	100
125	5	13	100
126	6	13	100
127	7	13	100
128	8	13	100
129	9	13	100
130	10	13	100
131	1	14	100
132	2	14	100
133	3	14	100
134	4	14	100
135	5	14	100
136	6	14	100
137	7	14	100
138	8	14	100
139	9	14	100
140	10	14	100
141	1	15	100
142	2	15	100
143	3	15	100
144	4	15	100
145	5	15	100
146	6	15	100
147	7	15	100
148	8	15	100
149	9	15	100
150	10	15	100
151	1	16	100
152	2	16	100
153	3	16	100
154	4	16	100
155	5	16	100
156	6	16	100
157	7	16	100
158	8	16	100
159	9	16	100
160	10	16	100
161	1	17	100
162	2	17	100
163	3	17	100
164	4	17	100
165	5	17	100
166	6	17	100
167	7	17	100
168	8	17	100
169	9	17	100
170	10	17	100
171	1	18	100
172	2	18	100
173	3	18	100
174	4	18	100
175	5	18	100
176	6	18	100
177	7	18	100
178	8	18	100
179	9	18	100
180	10	18	100
181	1	19	100
182	2	19	100
183	3	19	100
184	4	19	100
185	5	19	100
186	6	19	100
187	7	19	100
188	8	19	100
189	9	19	100
190	10	19	100
191	1	20	100
192	2	20	100
193	3	20	100
194	4	20	100
195	5	20	100
196	6	20	100
197	7	20	100
198	8	20	100
199	9	20	100
200	10	20	100
201	1	21	100
202	2	21	100
203	3	21	100
204	4	21	100
205	5	21	100
206	6	21	100
207	7	21	100
208	8	21	100
209	9	21	100
210	10	21	100
211	1	22	100
212	2	22	100
213	3	22	100
214	4	22	100
215	5	22	100
216	6	22	100
217	7	22	100
218	8	22	100
219	9	22	100
220	10	22	100
221	1	23	100
222	2	23	100
223	3	23	100
224	4	23	100
225	5	23	100
226	6	23	100
227	7	23	100
228	8	23	100
229	9	23	100
230	10	23	100
231	1	24	100
232	2	24	100
233	3	24	100
234	4	24	100
235	5	24	100
236	6	24	100
237	7	24	100
238	8	24	100
239	9	24	100
240	10	24	100
241	1	25	100
242	2	25	100
243	3	25	100
244	4	25	100
245	5	25	100
246	6	25	100
247	7	25	100
248	8	25	100
249	9	25	100
250	10	25	100
251	1	26	100
252	2	26	100
253	3	26	100
254	4	26	100
255	5	26	100
256	6	26	100
257	7	26	100
258	8	26	100
259	9	26	100
260	10	26	100
261	1	27	100
262	2	27	100
263	3	27	100
264	4	27	100
265	5	27	100
266	6	27	100
267	7	27	100
268	8	27	100
269	9	27	100
270	10	27	100
271	1	28	100
272	2	28	100
273	3	28	100
274	4	28	100
275	5	28	100
276	6	28	100
277	7	28	100
278	8	28	100
279	9	28	100
280	10	28	100
281	1	29	100
282	2	29	100
283	3	29	100
284	4	29	100
285	5	29	100
286	6	29	100
287	7	29	100
288	8	29	100
289	9	29	100
290	10	29	100
291	1	30	100
292	2	30	100
293	3	30	100
294	4	30	100
295	5	30	100
296	6	30	100
297	7	30	100
298	8	30	100
299	9	30	100
300	10	30	100
301	1	31	100
302	2	31	100
303	3	31	100
304	4	31	100
305	5	31	100
306	6	31	100
307	7	31	100
308	8	31	100
309	9	31	100
310	10	31	100
311	1	32	100
312	2	32	100
313	3	32	100
314	4	32	100
315	5	32	100
316	6	32	100
317	7	32	100
318	8	32	100
319	9	32	100
320	10	32	100
321	1	33	100
322	2	33	100
323	3	33	100
324	4	33	100
325	5	33	100
326	6	33	100
327	7	33	100
328	8	33	100
329	9	33	100
330	10	33	100
331	1	34	100
332	2	34	100
333	3	34	100
334	4	34	100
335	5	34	100
336	6	34	100
337	7	34	100
338	8	34	100
339	9	34	100
340	10	34	100
341	1	35	100
342	2	35	100
343	3	35	100
344	4	35	100
345	5	35	100
346	6	35	100
347	7	35	100
348	8	35	100
349	9	35	100
350	10	35	100
351	1	36	100
352	2	36	100
353	3	36	100
354	4	36	100
355	5	36	100
356	6	36	100
357	7	36	100
358	8	36	100
359	9	36	100
360	10	36	100
361	1	37	100
362	2	37	100
363	3	37	100
364	4	37	100
365	5	37	100
366	6	37	100
367	7	37	100
368	8	37	100
369	9	37	100
370	10	37	100
371	1	38	100
372	2	38	100
373	3	38	100
374	4	38	100
375	5	38	100
376	6	38	100
377	7	38	100
378	8	38	100
379	9	38	100
380	10	38	100
381	1	39	100
382	2	39	100
383	3	39	100
384	4	39	100
385	5	39	100
386	6	39	100
387	7	39	100
388	8	39	100
389	9	39	100
390	10	39	100
391	1	40	100
392	2	40	100
393	3	40	100
394	4	40	100
395	5	40	100
396	6	40	100
397	7	40	100
398	8	40	100
399	9	40	100
400	10	40	100
401	1	41	100
402	2	41	100
403	3	41	100
404	4	41	100
405	5	41	100
406	6	41	100
407	7	41	100
408	8	41	100
409	9	41	100
410	10	41	100
411	1	42	100
412	2	42	100
413	3	42	100
414	4	42	100
415	5	42	100
416	6	42	100
417	7	42	100
418	8	42	100
419	9	42	100
420	10	42	100
421	1	43	100
422	2	43	100
423	3	43	100
424	4	43	100
425	5	43	100
426	6	43	100
427	7	43	100
428	8	43	100
429	9	43	100
430	10	43	100
431	1	44	100
432	2	44	100
433	3	44	100
434	4	44	100
435	5	44	100
436	6	44	100
437	7	44	100
438	8	44	100
439	9	44	100
440	10	44	100
441	1	45	100
442	2	45	100
443	3	45	100
444	4	45	100
445	5	45	100
446	6	45	100
447	7	45	100
448	8	45	100
449	9	45	100
450	10	45	100
451	1	46	100
452	2	46	100
453	3	46	100
454	4	46	100
455	5	46	100
456	6	46	100
457	7	46	100
458	8	46	100
459	9	46	100
460	10	46	100
461	1	47	100
462	2	47	100
463	3	47	100
464	4	47	100
465	5	47	100
466	6	47	100
467	7	47	100
468	8	47	100
469	9	47	100
470	10	47	100
471	1	48	100
472	2	48	100
473	3	48	100
474	4	48	100
475	5	48	100
476	6	48	100
477	7	48	100
478	8	48	100
479	9	48	100
480	10	48	100
481	1	49	100
482	2	49	100
483	3	49	100
484	4	49	100
485	5	49	100
486	6	49	100
487	7	49	100
488	8	49	100
489	9	49	100
490	10	49	100
491	1	50	100
492	2	50	100
493	3	50	100
494	4	50	100
495	5	50	100
496	6	50	100
497	7	50	100
498	8	50	100
499	9	50	100
500	10	50	100
501	1	51	100
502	2	51	100
503	3	51	100
504	4	51	100
505	5	51	100
506	6	51	100
507	7	51	100
508	8	51	100
509	9	51	100
510	10	51	100
511	1	52	100
512	2	52	100
513	3	52	100
514	4	52	100
515	5	52	100
516	6	52	100
517	7	52	100
518	8	52	100
519	9	52	100
520	10	52	100
521	1	53	100
522	2	53	100
523	3	53	100
524	4	53	100
525	5	53	100
526	6	53	100
527	7	53	100
528	8	53	100
529	9	53	100
530	10	53	100
531	1	54	100
532	2	54	100
533	3	54	100
534	4	54	100
535	5	54	100
536	6	54	100
537	7	54	100
538	8	54	100
539	9	54	100
540	10	54	100
541	1	55	100
542	2	55	100
543	3	55	100
544	4	55	100
545	5	55	100
546	6	55	100
547	7	55	100
548	8	55	100
549	9	55	100
550	10	55	100
551	1	56	100
552	2	56	100
553	3	56	100
554	4	56	100
555	5	56	100
556	6	56	100
557	7	56	100
558	8	56	100
559	9	56	100
560	10	56	100
561	1	57	100
562	2	57	100
563	3	57	100
564	4	57	100
565	5	57	100
566	6	57	100
567	7	57	100
568	8	57	100
569	9	57	100
570	10	57	100
571	1	58	100
572	2	58	100
573	3	58	100
574	4	58	100
575	5	58	100
576	6	58	100
577	7	58	100
578	8	58	100
579	9	58	100
580	10	58	100
581	1	59	100
582	2	59	100
583	3	59	100
584	4	59	100
585	5	59	100
586	6	59	100
587	7	59	100
588	8	59	100
589	9	59	100
590	10	59	100
591	1	60	100
592	2	60	100
593	3	60	100
594	4	60	100
595	5	60	100
596	6	60	100
597	7	60	100
598	8	60	100
599	9	60	100
600	10	60	100
601	1	61	100
602	2	61	100
603	3	61	100
604	4	61	100
605	5	61	100
606	6	61	100
607	7	61	100
608	8	61	100
609	9	61	100
610	10	61	100
611	1	62	100
612	2	62	100
613	3	62	100
614	4	62	100
615	5	62	100
616	6	62	100
617	7	62	100
618	8	62	100
619	9	62	100
620	10	62	100
621	1	63	100
622	2	63	100
623	3	63	100
624	4	63	100
625	5	63	100
626	6	63	100
627	7	63	100
628	8	63	100
629	9	63	100
630	10	63	100
631	1	64	100
632	2	64	100
633	3	64	100
634	4	64	100
635	5	64	100
636	6	64	100
637	7	64	100
638	8	64	100
639	9	64	100
640	10	64	100
641	1	65	100
642	2	65	100
643	3	65	100
644	4	65	100
645	5	65	100
646	6	65	100
647	7	65	100
648	8	65	100
649	9	65	100
650	10	65	100
651	1	66	100
652	2	66	100
653	3	66	100
654	4	66	100
655	5	66	100
656	6	66	100
657	7	66	100
658	8	66	100
659	9	66	100
660	10	66	100
661	1	67	100
662	2	67	100
663	3	67	100
664	4	67	100
665	5	67	100
666	6	67	100
667	7	67	100
668	8	67	100
669	9	67	100
670	10	67	100
671	1	68	100
672	2	68	100
673	3	68	100
674	4	68	100
675	5	68	100
676	6	68	100
677	7	68	100
678	8	68	100
679	9	68	100
680	10	68	100
681	1	69	100
682	2	69	100
683	3	69	100
684	4	69	100
685	5	69	100
686	6	69	100
687	7	69	100
688	8	69	100
689	9	69	100
690	10	69	100
691	1	70	100
692	2	70	100
693	3	70	100
694	4	70	100
695	5	70	100
696	6	70	100
697	7	70	100
698	8	70	100
699	9	70	100
700	10	70	100
701	1	71	100
702	2	71	100
703	3	71	100
704	4	71	100
705	5	71	100
706	6	71	100
707	7	71	100
708	8	71	100
709	9	71	100
710	10	71	100
711	1	72	100
712	2	72	100
713	3	72	100
714	4	72	100
715	5	72	100
716	6	72	100
717	7	72	100
718	8	72	100
719	9	72	100
720	10	72	100
721	1	73	100
722	2	73	100
723	3	73	100
724	4	73	100
725	5	73	100
726	6	73	100
727	7	73	100
728	8	73	100
729	9	73	100
730	10	73	100
731	1	74	100
732	2	74	100
733	3	74	100
734	4	74	100
735	5	74	100
736	6	74	100
737	7	74	100
738	8	74	100
739	9	74	100
740	10	74	100
741	1	75	100
742	2	75	100
743	3	75	100
744	4	75	100
745	5	75	100
746	6	75	100
747	7	75	100
748	8	75	100
749	9	75	100
750	10	75	100
751	1	76	100
752	2	76	100
753	3	76	100
754	4	76	100
755	5	76	100
756	6	76	100
757	7	76	100
758	8	76	100
759	9	76	100
760	10	76	100
761	1	77	100
762	2	77	100
763	3	77	100
764	4	77	100
765	5	77	100
766	6	77	100
767	7	77	100
768	8	77	100
769	9	77	100
770	10	77	100
771	1	78	100
772	2	78	100
773	3	78	100
774	4	78	100
775	5	78	100
776	6	78	100
777	7	78	100
778	8	78	100
779	9	78	100
780	10	78	100
781	1	79	100
782	2	79	100
783	3	79	100
784	4	79	100
785	5	79	100
786	6	79	100
787	7	79	100
788	8	79	100
789	9	79	100
790	10	79	100
791	1	80	100
792	2	80	100
793	3	80	100
794	4	80	100
795	5	80	100
796	6	80	100
797	7	80	100
798	8	80	100
799	9	80	100
800	10	80	100
801	1	81	100
802	2	81	100
803	3	81	100
804	4	81	100
805	5	81	100
806	6	81	100
807	7	81	100
808	8	81	100
809	9	81	100
810	10	81	100
811	1	82	100
812	2	82	100
813	3	82	100
814	4	82	100
815	5	82	100
816	6	82	100
817	7	82	100
818	8	82	100
819	9	82	100
820	10	82	100
821	1	83	100
822	2	83	100
823	3	83	100
824	4	83	100
825	5	83	100
826	6	83	100
827	7	83	100
828	8	83	100
829	9	83	100
830	10	83	100
831	1	84	100
832	2	84	100
833	3	84	100
834	4	84	100
835	5	84	100
836	6	84	100
837	7	84	100
838	8	84	100
839	9	84	100
840	10	84	100
841	1	85	100
842	2	85	100
843	3	85	100
844	4	85	100
845	5	85	100
846	6	85	100
847	7	85	100
848	8	85	100
849	9	85	100
850	10	85	100
851	1	86	100
852	2	86	100
853	3	86	100
854	4	86	100
855	5	86	100
856	6	86	100
857	7	86	100
858	8	86	100
859	9	86	100
860	10	86	100
861	1	87	100
862	2	87	100
863	3	87	100
864	4	87	100
865	5	87	100
866	6	87	100
867	7	87	100
868	8	87	100
869	9	87	100
870	10	87	100
871	1	88	100
872	2	88	100
873	3	88	100
874	4	88	100
875	5	88	100
876	6	88	100
877	7	88	100
878	8	88	100
879	9	88	100
880	10	88	100
881	1	89	100
882	2	89	100
883	3	89	100
884	4	89	100
885	5	89	100
886	6	89	100
887	7	89	100
888	8	89	100
889	9	89	100
890	10	89	100
891	1	90	100
892	2	90	100
893	3	90	100
894	4	90	100
895	5	90	100
896	6	90	100
897	7	90	100
898	8	90	100
899	9	90	100
900	10	90	100
901	1	91	100
902	2	91	100
903	3	91	100
904	4	91	100
905	5	91	100
906	6	91	100
907	7	91	100
908	8	91	100
909	9	91	100
910	10	91	100
911	1	92	100
912	2	92	100
913	3	92	100
914	4	92	100
915	5	92	100
916	6	92	100
917	7	92	100
918	8	92	100
919	9	92	100
920	10	92	100
921	1	93	100
922	2	93	100
923	3	93	100
924	4	93	100
925	5	93	100
926	6	93	100
927	7	93	100
928	8	93	100
929	9	93	100
930	10	93	100
931	1	94	100
932	2	94	100
933	3	94	100
934	4	94	100
935	5	94	100
936	6	94	100
937	7	94	100
938	8	94	100
939	9	94	100
940	10	94	100
941	1	95	100
942	2	95	100
943	3	95	100
944	4	95	100
945	5	95	100
946	6	95	100
947	7	95	100
948	8	95	100
949	9	95	100
950	10	95	100
951	1	96	100
952	2	96	100
953	3	96	100
954	4	96	100
955	5	96	100
956	6	96	100
957	7	96	100
958	8	96	100
959	9	96	100
960	10	96	100
961	1	97	100
962	2	97	100
963	3	97	100
964	4	97	100
965	5	97	100
966	6	97	100
967	7	97	100
968	8	97	100
969	9	97	100
970	10	97	100
971	1	98	100
972	2	98	100
973	3	98	100
974	4	98	100
975	5	98	100
976	6	98	100
977	7	98	100
978	8	98	100
979	9	98	100
980	10	98	100
981	1	99	100
982	2	99	100
983	3	99	100
984	4	99	100
985	5	99	100
986	6	99	100
987	7	99	100
988	8	99	100
989	9	99	100
990	10	99	100
991	1	100	100
992	2	100	100
993	3	100	100
994	4	100	100
995	5	100	100
996	6	100	100
997	7	100	100
998	8	100	100
999	9	100	100
1000	10	100	100
1001	1	101	100
1002	2	101	100
1003	3	101	100
1004	4	101	100
1005	5	101	100
1006	6	101	100
1007	7	101	100
1008	8	101	100
1009	9	101	100
1010	10	101	100
1011	1	102	100
1012	2	102	100
1013	3	102	100
1014	4	102	100
1015	5	102	100
1016	6	102	100
1017	7	102	100
1018	8	102	100
1019	9	102	100
1020	10	102	100
1021	1	103	100
1022	2	103	100
1023	3	103	100
1024	4	103	100
1025	5	103	100
1026	6	103	100
1027	7	103	100
1028	8	103	100
1029	9	103	100
1030	10	103	100
1031	1	104	100
1032	2	104	100
1033	3	104	100
1034	4	104	100
1035	5	104	100
1036	6	104	100
1037	7	104	100
1038	8	104	100
1039	9	104	100
1040	10	104	100
1041	1	105	100
1042	2	105	100
1043	3	105	100
1044	4	105	100
1045	5	105	100
1046	6	105	100
1047	7	105	100
1048	8	105	100
1049	9	105	100
1050	10	105	100
1051	1	106	100
1052	2	106	100
1053	3	106	100
1054	4	106	100
1055	5	106	100
1056	6	106	100
1057	7	106	100
1058	8	106	100
1059	9	106	100
1060	10	106	100
1061	1	107	100
1062	2	107	100
1063	3	107	100
1064	4	107	100
1065	5	107	100
1066	6	107	100
1067	7	107	100
1068	8	107	100
1069	9	107	100
1070	10	107	100
1071	1	108	100
1072	2	108	100
1073	3	108	100
1074	4	108	100
1075	5	108	100
1076	6	108	100
1077	7	108	100
1078	8	108	100
1079	9	108	100
1080	10	108	100
1081	1	109	100
1082	2	109	100
1083	3	109	100
1084	4	109	100
1085	5	109	100
1086	6	109	100
1087	7	109	100
1088	8	109	100
1089	9	109	100
1090	10	109	100
1091	1	110	100
1092	2	110	100
1093	3	110	100
1094	4	110	100
1095	5	110	100
1096	6	110	100
1097	7	110	100
1098	8	110	100
1099	9	110	100
1100	10	110	100
1101	1	111	100
1102	2	111	100
1103	3	111	100
1104	4	111	100
1105	5	111	100
1106	6	111	100
1107	7	111	100
1108	8	111	100
1109	9	111	100
1110	10	111	100
1111	1	112	100
1112	2	112	100
1113	3	112	100
1114	4	112	100
1115	5	112	100
1116	6	112	100
1117	7	112	100
1118	8	112	100
1119	9	112	100
1120	10	112	100
1121	1	113	100
1122	2	113	100
1123	3	113	100
1124	4	113	100
1125	5	113	100
1126	6	113	100
1127	7	113	100
1128	8	113	100
1129	9	113	100
1130	10	113	100
1131	1	114	100
1132	2	114	100
1133	3	114	100
1134	4	114	100
1135	5	114	100
1136	6	114	100
1137	7	114	100
1138	8	114	100
1139	9	114	100
1140	10	114	100
1141	1	115	100
1142	2	115	100
1143	3	115	100
1144	4	115	100
1145	5	115	100
1146	6	115	100
1147	7	115	100
1148	8	115	100
1149	9	115	100
1150	10	115	100
1151	1	116	100
1152	2	116	100
1153	3	116	100
1154	4	116	100
1155	5	116	100
1156	6	116	100
1157	7	116	100
1158	8	116	100
1159	9	116	100
1160	10	116	100
1161	1	117	100
1162	2	117	100
1163	3	117	100
1164	4	117	100
1165	5	117	100
1166	6	117	100
1167	7	117	100
1168	8	117	100
1169	9	117	100
1170	10	117	100
1171	1	118	100
1172	2	118	100
1173	3	118	100
1174	4	118	100
1175	5	118	100
1176	6	118	100
1177	7	118	100
1178	8	118	100
1179	9	118	100
1180	10	118	100
1181	1	119	100
1182	2	119	100
1183	3	119	100
1184	4	119	100
1185	5	119	100
1186	6	119	100
1187	7	119	100
1188	8	119	100
1189	9	119	100
1190	10	119	100
1191	1	120	100
1192	2	120	100
1193	3	120	100
1194	4	120	100
1195	5	120	100
1196	6	120	100
1197	7	120	100
1198	8	120	100
1199	9	120	100
1200	10	120	100
1201	1	121	100
1202	2	121	100
1203	3	121	100
1204	4	121	100
1205	5	121	100
1206	6	121	100
1207	7	121	100
1208	8	121	100
1209	9	121	100
1210	10	121	100
1211	1	122	100
1212	2	122	100
1213	3	122	100
1214	4	122	100
1215	5	122	100
1216	6	122	100
1217	7	122	100
1218	8	122	100
1219	9	122	100
1220	10	122	100
1221	1	123	100
1222	2	123	100
1223	3	123	100
1224	4	123	100
1225	5	123	100
1226	6	123	100
1227	7	123	100
1228	8	123	100
1229	9	123	100
1230	10	123	100
1231	1	124	100
1232	2	124	100
1233	3	124	100
1234	4	124	100
1235	5	124	100
1236	6	124	100
1237	7	124	100
1238	8	124	100
1239	9	124	100
1240	10	124	100
1241	1	125	100
1242	2	125	100
1243	3	125	100
1244	4	125	100
1245	5	125	100
1246	6	125	100
1247	7	125	100
1248	8	125	100
1249	9	125	100
1250	10	125	100
1251	1	126	100
1252	2	126	100
1253	3	126	100
1254	4	126	100
1255	5	126	100
1256	6	126	100
1257	7	126	100
1258	8	126	100
1259	9	126	100
1260	10	126	100
1261	1	127	100
1262	2	127	100
1263	3	127	100
1264	4	127	100
1265	5	127	100
1266	6	127	100
1267	7	127	100
1268	8	127	100
1269	9	127	100
1270	10	127	100
1271	1	128	100
1272	2	128	100
1273	3	128	100
1274	4	128	100
1275	5	128	100
1276	6	128	100
1277	7	128	100
1278	8	128	100
1279	9	128	100
1280	10	128	100
1281	1	129	100
1282	2	129	100
1283	3	129	100
1284	4	129	100
1285	5	129	100
1286	6	129	100
1287	7	129	100
1288	8	129	100
1289	9	129	100
1290	10	129	100
1291	1	130	100
1292	2	130	100
1293	3	130	100
1294	4	130	100
1295	5	130	100
1296	6	130	100
1297	7	130	100
1298	8	130	100
1299	9	130	100
1300	10	130	100
1301	1	131	100
1302	2	131	100
1303	3	131	100
1304	4	131	100
1305	5	131	100
1306	6	131	100
1307	7	131	100
1308	8	131	100
1309	9	131	100
1310	10	131	100
1311	1	132	100
1312	2	132	100
1313	3	132	100
1314	4	132	100
1315	5	132	100
1316	6	132	100
1317	7	132	100
1318	8	132	100
1319	9	132	100
1320	10	132	100
1321	1	133	100
1322	2	133	100
1323	3	133	100
1324	4	133	100
1325	5	133	100
1326	6	133	100
1327	7	133	100
1328	8	133	100
1329	9	133	100
1330	10	133	100
1331	1	134	100
1332	2	134	100
1333	3	134	100
1334	4	134	100
1335	5	134	100
1336	6	134	100
1337	7	134	100
1338	8	134	100
1339	9	134	100
1340	10	134	100
1341	1	135	100
1342	2	135	100
1343	3	135	100
1344	4	135	100
1345	5	135	100
1346	6	135	100
1347	7	135	100
1348	8	135	100
1349	9	135	100
1350	10	135	100
1351	1	136	100
1352	2	136	100
1353	3	136	100
1354	4	136	100
1355	5	136	100
1356	6	136	100
1357	7	136	100
1358	8	136	100
1359	9	136	100
1360	10	136	100
1361	1	137	100
1362	2	137	100
1363	3	137	100
1364	4	137	100
1365	5	137	100
1366	6	137	100
1367	7	137	100
1368	8	137	100
1369	9	137	100
1370	10	137	100
1371	1	138	100
1372	2	138	100
1373	3	138	100
1374	4	138	100
1375	5	138	100
1376	6	138	100
1377	7	138	100
1378	8	138	100
1379	9	138	100
1380	10	138	100
1381	1	139	100
1382	2	139	100
1383	3	139	100
1384	4	139	100
1385	5	139	100
1386	6	139	100
1387	7	139	100
1388	8	139	100
1389	9	139	100
1390	10	139	100
1391	1	140	100
1392	2	140	100
1393	3	140	100
1394	4	140	100
1395	5	140	100
1396	6	140	100
1397	7	140	100
1398	8	140	100
1399	9	140	100
1400	10	140	100
1401	1	141	100
1402	2	141	100
1403	3	141	100
1404	4	141	100
1405	5	141	100
1406	6	141	100
1407	7	141	100
1408	8	141	100
1409	9	141	100
1410	10	141	100
1411	1	142	100
1412	2	142	100
1413	3	142	100
1414	4	142	100
1415	5	142	100
1416	6	142	100
1417	7	142	100
1418	8	142	100
1419	9	142	100
1420	10	142	100
1421	1	143	100
1422	2	143	100
1423	3	143	100
1424	4	143	100
1425	5	143	100
1426	6	143	100
1427	7	143	100
1428	8	143	100
1429	9	143	100
1430	10	143	100
1431	1	144	100
1432	2	144	100
1433	3	144	100
1434	4	144	100
1435	5	144	100
1436	6	144	100
1437	7	144	100
1438	8	144	100
1439	9	144	100
1440	10	144	100
1441	1	145	100
1442	2	145	100
1443	3	145	100
1444	4	145	100
1445	5	145	100
1446	6	145	100
1447	7	145	100
1448	8	145	100
1449	9	145	100
1450	10	145	100
1451	1	146	100
1452	2	146	100
1453	3	146	100
1454	4	146	100
1455	5	146	100
1456	6	146	100
1457	7	146	100
1458	8	146	100
1459	9	146	100
1460	10	146	100
1461	1	147	100
1462	2	147	100
1463	3	147	100
1464	4	147	100
1465	5	147	100
1466	6	147	100
1467	7	147	100
1468	8	147	100
1469	9	147	100
1470	10	147	100
1471	1	148	100
1472	2	148	100
1473	3	148	100
1474	4	148	100
1475	5	148	100
1476	6	148	100
1477	7	148	100
1478	8	148	100
1479	9	148	100
1480	10	148	100
1481	1	149	100
1482	2	149	100
1483	3	149	100
1484	4	149	100
1485	5	149	100
1486	6	149	100
1487	7	149	100
1488	8	149	100
1489	9	149	100
1490	10	149	100
1491	1	150	100
1492	2	150	100
1493	3	150	100
1494	4	150	100
1495	5	150	100
1496	6	150	100
1497	7	150	100
1498	8	150	100
1499	9	150	100
1500	10	150	100
1501	1	151	100
1502	2	151	100
1503	3	151	100
1504	4	151	100
1505	5	151	100
1506	6	151	100
1507	7	151	100
1508	8	151	100
1509	9	151	100
1510	10	151	100
1511	1	152	100
1512	2	152	100
1513	3	152	100
1514	4	152	100
1515	5	152	100
1516	6	152	100
1517	7	152	100
1518	8	152	100
1519	9	152	100
1520	10	152	100
1521	1	153	100
1522	2	153	100
1523	3	153	100
1524	4	153	100
1525	5	153	100
1526	6	153	100
1527	7	153	100
1528	8	153	100
1529	9	153	100
1530	10	153	100
1531	1	154	100
1532	2	154	100
1533	3	154	100
1534	4	154	100
1535	5	154	100
1536	6	154	100
1537	7	154	100
1538	8	154	100
1539	9	154	100
1540	10	154	100
1541	1	155	100
1542	2	155	100
1543	3	155	100
1544	4	155	100
1545	5	155	100
1546	6	155	100
1547	7	155	100
1548	8	155	100
1549	9	155	100
1550	10	155	100
1551	1	156	100
1552	2	156	100
1553	3	156	100
1554	4	156	100
1555	5	156	100
1556	6	156	100
1557	7	156	100
1558	8	156	100
1559	9	156	100
1560	10	156	100
1561	1	157	100
1562	2	157	100
1563	3	157	100
1564	4	157	100
1565	5	157	100
1566	6	157	100
1567	7	157	100
1568	8	157	100
1569	9	157	100
1570	10	157	100
1571	1	158	100
1572	2	158	100
1573	3	158	100
1574	4	158	100
1575	5	158	100
1576	6	158	100
1577	7	158	100
1578	8	158	100
1579	9	158	100
1580	10	158	100
1581	1	159	100
1582	2	159	100
1583	3	159	100
1584	4	159	100
1585	5	159	100
1586	6	159	100
1587	7	159	100
1588	8	159	100
1589	9	159	100
1590	10	159	100
1591	1	160	100
1592	2	160	100
1593	3	160	100
1594	4	160	100
1595	5	160	100
1596	6	160	100
1597	7	160	100
1598	8	160	100
1599	9	160	100
1600	10	160	100
1601	1	161	100
1602	2	161	100
1603	3	161	100
1604	4	161	100
1605	5	161	100
1606	6	161	100
1607	7	161	100
1608	8	161	100
1609	9	161	100
1610	10	161	100
1611	1	162	100
1612	2	162	100
1613	3	162	100
1614	4	162	100
1615	5	162	100
1616	6	162	100
1617	7	162	100
1618	8	162	100
1619	9	162	100
1620	10	162	100
1621	1	163	100
1622	2	163	100
1623	3	163	100
1624	4	163	100
1625	5	163	100
1626	6	163	100
1627	7	163	100
1628	8	163	100
1629	9	163	100
1630	10	163	100
1631	1	164	100
1632	2	164	100
1633	3	164	100
1634	4	164	100
1635	5	164	100
1636	6	164	100
1637	7	164	100
1638	8	164	100
1639	9	164	100
1640	10	164	100
1641	1	165	100
1642	2	165	100
1643	3	165	100
1644	4	165	100
1645	5	165	100
1646	6	165	100
1647	7	165	100
1648	8	165	100
1649	9	165	100
1650	10	165	100
1651	1	166	100
1652	2	166	100
1653	3	166	100
1654	4	166	100
1655	5	166	100
1656	6	166	100
1657	7	166	100
1658	8	166	100
1659	9	166	100
1660	10	166	100
1661	1	167	100
1662	2	167	100
1663	3	167	100
1664	4	167	100
1665	5	167	100
1666	6	167	100
1667	7	167	100
1668	8	167	100
1669	9	167	100
1670	10	167	100
1671	1	168	100
1672	2	168	100
1673	3	168	100
1674	4	168	100
1675	5	168	100
1676	6	168	100
1677	7	168	100
1678	8	168	100
1679	9	168	100
1680	10	168	100
1681	1	169	100
1682	2	169	100
1683	3	169	100
1684	4	169	100
1685	5	169	100
1686	6	169	100
1687	7	169	100
1688	8	169	100
1689	9	169	100
1690	10	169	100
1691	1	170	100
1692	2	170	100
1693	3	170	100
1694	4	170	100
1695	5	170	100
1696	6	170	100
1697	7	170	100
1698	8	170	100
1699	9	170	100
1700	10	170	100
1701	1	171	100
1702	2	171	100
1703	3	171	100
1704	4	171	100
1705	5	171	100
1706	6	171	100
1707	7	171	100
1708	8	171	100
1709	9	171	100
1710	10	171	100
1711	1	172	100
1712	2	172	100
1713	3	172	100
1714	4	172	100
1715	5	172	100
1716	6	172	100
1717	7	172	100
1718	8	172	100
1719	9	172	100
1720	10	172	100
1721	1	173	100
1722	2	173	100
1723	3	173	100
1724	4	173	100
1725	5	173	100
1726	6	173	100
1727	7	173	100
1728	8	173	100
1729	9	173	100
1730	10	173	100
1731	1	174	100
1732	2	174	100
1733	3	174	100
1734	4	174	100
1735	5	174	100
1736	6	174	100
1737	7	174	100
1738	8	174	100
1739	9	174	100
1740	10	174	100
1741	1	175	100
1742	2	175	100
1743	3	175	100
1744	4	175	100
1745	5	175	100
1746	6	175	100
1747	7	175	100
1748	8	175	100
1749	9	175	100
1750	10	175	100
1751	1	176	100
1752	2	176	100
1753	3	176	100
1754	4	176	100
1755	5	176	100
1756	6	176	100
1757	7	176	100
1758	8	176	100
1759	9	176	100
1760	10	176	100
1761	1	177	100
1762	2	177	100
1763	3	177	100
1764	4	177	100
1765	5	177	100
1766	6	177	100
1767	7	177	100
1768	8	177	100
1769	9	177	100
1770	10	177	100
1771	1	178	100
1772	2	178	100
1773	3	178	100
1774	4	178	100
1775	5	178	100
1776	6	178	100
1777	7	178	100
1778	8	178	100
1779	9	178	100
1780	10	178	100
1781	1	179	100
1782	2	179	100
1783	3	179	100
1784	4	179	100
1785	5	179	100
1786	6	179	100
1787	7	179	100
1788	8	179	100
1789	9	179	100
1790	10	179	100
1791	1	180	100
1792	2	180	100
1793	3	180	100
1794	4	180	100
1795	5	180	100
1796	6	180	100
1797	7	180	100
1798	8	180	100
1799	9	180	100
1800	10	180	100
1801	1	181	100
1802	2	181	100
1803	3	181	100
1804	4	181	100
1805	5	181	100
1806	6	181	100
1807	7	181	100
1808	8	181	100
1809	9	181	100
1810	10	181	100
1811	1	182	100
1812	2	182	100
1813	3	182	100
1814	4	182	100
1815	5	182	100
1816	6	182	100
1817	7	182	100
1818	8	182	100
1819	9	182	100
1820	10	182	100
1821	1	183	100
1822	2	183	100
1823	3	183	100
1824	4	183	100
1825	5	183	100
1826	6	183	100
1827	7	183	100
1828	8	183	100
1829	9	183	100
1830	10	183	100
1831	1	184	100
1832	2	184	100
1833	3	184	100
1834	4	184	100
1835	5	184	100
1836	6	184	100
1837	7	184	100
1838	8	184	100
1839	9	184	100
1840	10	184	100
1841	1	185	100
1842	2	185	100
1843	3	185	100
1844	4	185	100
1845	5	185	100
1846	6	185	100
1847	7	185	100
1848	8	185	100
1849	9	185	100
1850	10	185	100
1851	1	186	100
1852	2	186	100
1853	3	186	100
1854	4	186	100
1855	5	186	100
1856	6	186	100
1857	7	186	100
1858	8	186	100
1859	9	186	100
1860	10	186	100
1861	1	187	100
1862	2	187	100
1863	3	187	100
1864	4	187	100
1865	5	187	100
1866	6	187	100
1867	7	187	100
1868	8	187	100
1869	9	187	100
1870	10	187	100
1871	1	188	100
1872	2	188	100
1873	3	188	100
1874	4	188	100
1875	5	188	100
1876	6	188	100
1877	7	188	100
1878	8	188	100
1879	9	188	100
1880	10	188	100
1881	1	189	100
1882	2	189	100
1883	3	189	100
1884	4	189	100
1885	5	189	100
1886	6	189	100
1887	7	189	100
1888	8	189	100
1889	9	189	100
1890	10	189	100
1891	1	190	100
1892	2	190	100
1893	3	190	100
1894	4	190	100
1895	5	190	100
1896	6	190	100
1897	7	190	100
1898	8	190	100
1899	9	190	100
1900	10	190	100
1901	1	191	100
1902	2	191	100
1903	3	191	100
1904	4	191	100
1905	5	191	100
1906	6	191	100
1907	7	191	100
1908	8	191	100
1909	9	191	100
1910	10	191	100
1911	1	192	100
1912	2	192	100
1913	3	192	100
1914	4	192	100
1915	5	192	100
1916	6	192	100
1917	7	192	100
1918	8	192	100
1919	9	192	100
1920	10	192	100
1921	1	193	100
1922	2	193	100
1923	3	193	100
1924	4	193	100
1925	5	193	100
1926	6	193	100
1927	7	193	100
1928	8	193	100
1929	9	193	100
1930	10	193	100
1931	1	194	100
1932	2	194	100
1933	3	194	100
1934	4	194	100
1935	5	194	100
1936	6	194	100
1937	7	194	100
1938	8	194	100
1939	9	194	100
1940	10	194	100
1941	1	195	100
1942	2	195	100
1943	3	195	100
1944	4	195	100
1945	5	195	100
1946	6	195	100
1947	7	195	100
1948	8	195	100
1949	9	195	100
1950	10	195	100
1951	1	196	100
1952	2	196	100
1953	3	196	100
1954	4	196	100
1955	5	196	100
1956	6	196	100
1957	7	196	100
1958	8	196	100
1959	9	196	100
1960	10	196	100
1961	1	197	100
1962	2	197	100
1963	3	197	100
1964	4	197	100
1965	5	197	100
1966	6	197	100
1967	7	197	100
1968	8	197	100
1969	9	197	100
1970	10	197	100
1971	1	198	100
1972	2	198	100
1973	3	198	100
1974	4	198	100
1975	5	198	100
1976	6	198	100
1977	7	198	100
1978	8	198	100
1979	9	198	100
1980	10	198	100
1981	1	199	100
1982	2	199	100
1983	3	199	100
1984	4	199	100
1985	5	199	100
1986	6	199	100
1987	7	199	100
1988	8	199	100
1989	9	199	100
1990	10	199	100
1991	1	200	100
1992	2	200	100
1993	3	200	100
1994	4	200	100
1995	5	200	100
1996	6	200	100
1997	7	200	100
1998	8	200	100
1999	9	200	100
2000	10	200	100
2001	1	201	100
2002	2	201	100
2003	3	201	100
2004	4	201	100
2005	5	201	100
2006	6	201	100
2007	7	201	100
2008	8	201	100
2009	9	201	100
2010	10	201	100
2011	1	202	100
2012	2	202	100
2013	3	202	100
2014	4	202	100
2015	5	202	100
2016	6	202	100
2017	7	202	100
2018	8	202	100
2019	9	202	100
2020	10	202	100
2021	1	203	100
2022	2	203	100
2023	3	203	100
2024	4	203	100
2025	5	203	100
2026	6	203	100
2027	7	203	100
2028	8	203	100
2029	9	203	100
2030	10	203	100
2031	1	204	100
2032	2	204	100
2033	3	204	100
2034	4	204	100
2035	5	204	100
2036	6	204	100
2037	7	204	100
2038	8	204	100
2039	9	204	100
2040	10	204	100
2041	1	205	100
2042	2	205	100
2043	3	205	100
2044	4	205	100
2045	5	205	100
2046	6	205	100
2047	7	205	100
2048	8	205	100
2049	9	205	100
2050	10	205	100
2051	1	206	100
2052	2	206	100
2053	3	206	100
2054	4	206	100
2055	5	206	100
2056	6	206	100
2057	7	206	100
2058	8	206	100
2059	9	206	100
2060	10	206	100
2061	1	207	100
2062	2	207	100
2063	3	207	100
2064	4	207	100
2065	5	207	100
2066	6	207	100
2067	7	207	100
2068	8	207	100
2069	9	207	100
2070	10	207	100
2071	1	208	100
2072	2	208	100
2073	3	208	100
2074	4	208	100
2075	5	208	100
2076	6	208	100
2077	7	208	100
2078	8	208	100
2079	9	208	100
2080	10	208	100
2081	1	209	100
2082	2	209	100
2083	3	209	100
2084	4	209	100
2085	5	209	100
2086	6	209	100
2087	7	209	100
2088	8	209	100
2089	9	209	100
2090	10	209	100
2091	1	210	100
2092	2	210	100
2093	3	210	100
2094	4	210	100
2095	5	210	100
2096	6	210	100
2097	7	210	100
2098	8	210	100
2099	9	210	100
2100	10	210	100
2101	1	211	100
2102	2	211	100
2103	3	211	100
2104	4	211	100
2105	5	211	100
2106	6	211	100
2107	7	211	100
2108	8	211	100
2109	9	211	100
2110	10	211	100
2111	1	212	100
2112	2	212	100
2113	3	212	100
2114	4	212	100
2115	5	212	100
2116	6	212	100
2117	7	212	100
2118	8	212	100
2119	9	212	100
2120	10	212	100
2121	1	213	100
2122	2	213	100
2123	3	213	100
2124	4	213	100
2125	5	213	100
2126	6	213	100
2127	7	213	100
2128	8	213	100
2129	9	213	100
2130	10	213	100
2131	1	214	100
2132	2	214	100
2133	3	214	100
2134	4	214	100
2135	5	214	100
2136	6	214	100
2137	7	214	100
2138	8	214	100
2139	9	214	100
2140	10	214	100
2141	1	215	100
2142	2	215	100
2143	3	215	100
2144	4	215	100
2145	5	215	100
2146	6	215	100
2147	7	215	100
2148	8	215	100
2149	9	215	100
2150	10	215	100
2151	1	216	100
2152	2	216	100
2153	3	216	100
2154	4	216	100
2155	5	216	100
2156	6	216	100
2157	7	216	100
2158	8	216	100
2159	9	216	100
2160	10	216	100
2161	1	217	100
2162	2	217	100
2163	3	217	100
2164	4	217	100
2165	5	217	100
2166	6	217	100
2167	7	217	100
2168	8	217	100
2169	9	217	100
2170	10	217	100
2171	1	218	100
2172	2	218	100
2173	3	218	100
2174	4	218	100
2175	5	218	100
2176	6	218	100
2177	7	218	100
2178	8	218	100
2179	9	218	100
2180	10	218	100
2181	1	219	100
2182	2	219	100
2183	3	219	100
2184	4	219	100
2185	5	219	100
2186	6	219	100
2187	7	219	100
2188	8	219	100
2189	9	219	100
2190	10	219	100
2191	1	220	100
2192	2	220	100
2193	3	220	100
2194	4	220	100
2195	5	220	100
2196	6	220	100
2197	7	220	100
2198	8	220	100
2199	9	220	100
2200	10	220	100
2201	1	221	100
2202	2	221	100
2203	3	221	100
2204	4	221	100
2205	5	221	100
2206	6	221	100
2207	7	221	100
2208	8	221	100
2209	9	221	100
2210	10	221	100
2211	1	222	100
2212	2	222	100
2213	3	222	100
2214	4	222	100
2215	5	222	100
2216	6	222	100
2217	7	222	100
2218	8	222	100
2219	9	222	100
2220	10	222	100
2221	1	223	100
2222	2	223	100
2223	3	223	100
2224	4	223	100
2225	5	223	100
2226	6	223	100
2227	7	223	100
2228	8	223	100
2229	9	223	100
2230	10	223	100
2231	1	224	100
2232	2	224	100
2233	3	224	100
2234	4	224	100
2235	5	224	100
2236	6	224	100
2237	7	224	100
2238	8	224	100
2239	9	224	100
2240	10	224	100
2241	1	225	100
2242	2	225	100
2243	3	225	100
2244	4	225	100
2245	5	225	100
2246	6	225	100
2247	7	225	100
2248	8	225	100
2249	9	225	100
2250	10	225	100
2251	1	226	100
2252	2	226	100
2253	3	226	100
2254	4	226	100
2255	5	226	100
2256	6	226	100
2257	7	226	100
2258	8	226	100
2259	9	226	100
2260	10	226	100
2261	1	227	100
2262	2	227	100
2263	3	227	100
2264	4	227	100
2265	5	227	100
2266	6	227	100
2267	7	227	100
2268	8	227	100
2269	9	227	100
2270	10	227	100
2271	1	228	100
2272	2	228	100
2273	3	228	100
2274	4	228	100
2275	5	228	100
2276	6	228	100
2277	7	228	100
2278	8	228	100
2279	9	228	100
2280	10	228	100
2281	1	229	100
2282	2	229	100
2283	3	229	100
2284	4	229	100
2285	5	229	100
2286	6	229	100
2287	7	229	100
2288	8	229	100
2289	9	229	100
2290	10	229	100
2291	1	230	100
2292	2	230	100
2293	3	230	100
2294	4	230	100
2295	5	230	100
2296	6	230	100
2297	7	230	100
2298	8	230	100
2299	9	230	100
2300	10	230	100
2301	1	231	100
2302	2	231	100
2303	3	231	100
2304	4	231	100
2305	5	231	100
2306	6	231	100
2307	7	231	100
2308	8	231	100
2309	9	231	100
2310	10	231	100
2311	1	232	100
2312	2	232	100
2313	3	232	100
2314	4	232	100
2315	5	232	100
2316	6	232	100
2317	7	232	100
2318	8	232	100
2319	9	232	100
2320	10	232	100
2321	1	233	100
2322	2	233	100
2323	3	233	100
2324	4	233	100
2325	5	233	100
2326	6	233	100
2327	7	233	100
2328	8	233	100
2329	9	233	100
2330	10	233	100
2331	1	234	100
2332	2	234	100
2333	3	234	100
2334	4	234	100
2335	5	234	100
2336	6	234	100
2337	7	234	100
2338	8	234	100
2339	9	234	100
2340	10	234	100
2341	1	235	100
2342	2	235	100
2343	3	235	100
2344	4	235	100
2345	5	235	100
2346	6	235	100
2347	7	235	100
2348	8	235	100
2349	9	235	100
2350	10	235	100
2351	1	236	100
2352	2	236	100
2353	3	236	100
2354	4	236	100
2355	5	236	100
2356	6	236	100
2357	7	236	100
2358	8	236	100
2359	9	236	100
2360	10	236	100
2361	1	237	100
2362	2	237	100
2363	3	237	100
2364	4	237	100
2365	5	237	100
2366	6	237	100
2367	7	237	100
2368	8	237	100
2369	9	237	100
2370	10	237	100
2371	1	238	100
2372	2	238	100
2373	3	238	100
2374	4	238	100
2375	5	238	100
2376	6	238	100
2377	7	238	100
2378	8	238	100
2379	9	238	100
2380	10	238	100
2381	1	239	100
2382	2	239	100
2383	3	239	100
2384	4	239	100
2385	5	239	100
2386	6	239	100
2387	7	239	100
2388	8	239	100
2389	9	239	100
2390	10	239	100
2391	1	240	100
2392	2	240	100
2393	3	240	100
2394	4	240	100
2395	5	240	100
2396	6	240	100
2397	7	240	100
2398	8	240	100
2399	9	240	100
2400	10	240	100
2401	1	241	100
2402	2	241	100
2403	3	241	100
2404	4	241	100
2405	5	241	100
2406	6	241	100
2407	7	241	100
2408	8	241	100
2409	9	241	100
2410	10	241	100
2411	1	242	100
2412	2	242	100
2413	3	242	100
2414	4	242	100
2415	5	242	100
2416	6	242	100
2417	7	242	100
2418	8	242	100
2419	9	242	100
2420	10	242	100
2421	1	243	100
2422	2	243	100
2423	3	243	100
2424	4	243	100
2425	5	243	100
2426	6	243	100
2427	7	243	100
2428	8	243	100
2429	9	243	100
2430	10	243	100
2431	1	244	100
2432	2	244	100
2433	3	244	100
2434	4	244	100
2435	5	244	100
2436	6	244	100
2437	7	244	100
2438	8	244	100
2439	9	244	100
2440	10	244	100
2441	1	245	100
2442	2	245	100
2443	3	245	100
2444	4	245	100
2445	5	245	100
2446	6	245	100
2447	7	245	100
2448	8	245	100
2449	9	245	100
2450	10	245	100
2451	1	246	100
2452	2	246	100
2453	3	246	100
2454	4	246	100
2455	5	246	100
2456	6	246	100
2457	7	246	100
2458	8	246	100
2459	9	246	100
2460	10	246	100
2461	1	247	100
2462	2	247	100
2463	3	247	100
2464	4	247	100
2465	5	247	100
2466	6	247	100
2467	7	247	100
2468	8	247	100
2469	9	247	100
2470	10	247	100
2471	1	248	100
2472	2	248	100
2473	3	248	100
2474	4	248	100
2475	5	248	100
2476	6	248	100
2477	7	248	100
2478	8	248	100
2479	9	248	100
2480	10	248	100
2481	1	249	100
2482	2	249	100
2483	3	249	100
2484	4	249	100
2485	5	249	100
2486	6	249	100
2487	7	249	100
2488	8	249	100
2489	9	249	100
2490	10	249	100
2491	1	250	100
2492	2	250	100
2493	3	250	100
2494	4	250	100
2495	5	250	100
2496	6	250	100
2497	7	250	100
2498	8	250	100
2499	9	250	100
2500	10	250	100
2501	1	251	100
2502	2	251	100
2503	3	251	100
2504	4	251	100
2505	5	251	100
2506	6	251	100
2507	7	251	100
2508	8	251	100
2509	9	251	100
2510	10	251	100
2511	1	252	100
2512	2	252	100
2513	3	252	100
2514	4	252	100
2515	5	252	100
2516	6	252	100
2517	7	252	100
2518	8	252	100
2519	9	252	100
2520	10	252	100
2521	1	253	100
2522	2	253	100
2523	3	253	100
2524	4	253	100
2525	5	253	100
2526	6	253	100
2527	7	253	100
2528	8	253	100
2529	9	253	100
2530	10	253	100
2531	1	254	100
2532	2	254	100
2533	3	254	100
2534	4	254	100
2535	5	254	100
2536	6	254	100
2537	7	254	100
2538	8	254	100
2539	9	254	100
2540	10	254	100
2541	1	255	100
2542	2	255	100
2543	3	255	100
2544	4	255	100
2545	5	255	100
2546	6	255	100
2547	7	255	100
2548	8	255	100
2549	9	255	100
2550	10	255	100
2551	1	256	100
2552	2	256	100
2553	3	256	100
2554	4	256	100
2555	5	256	100
2556	6	256	100
2557	7	256	100
2558	8	256	100
2559	9	256	100
2560	10	256	100
2561	1	257	100
2562	2	257	100
2563	3	257	100
2564	4	257	100
2565	5	257	100
2566	6	257	100
2567	7	257	100
2568	8	257	100
2569	9	257	100
2570	10	257	100
2571	1	258	100
2572	2	258	100
2573	3	258	100
2574	4	258	100
2575	5	258	100
2576	6	258	100
2577	7	258	100
2578	8	258	100
2579	9	258	100
2580	10	258	100
2581	1	259	100
2582	2	259	100
2583	3	259	100
2584	4	259	100
2585	5	259	100
2586	6	259	100
2587	7	259	100
2588	8	259	100
2589	9	259	100
2590	10	259	100
2591	1	260	100
2592	2	260	100
2593	3	260	100
2594	4	260	100
2595	5	260	100
2596	6	260	100
2597	7	260	100
2598	8	260	100
2599	9	260	100
2600	10	260	100
2601	1	261	100
2602	2	261	100
2603	3	261	100
2604	4	261	100
2605	5	261	100
2606	6	261	100
2607	7	261	100
2608	8	261	100
2609	9	261	100
2610	10	261	100
2611	1	262	100
2612	2	262	100
2613	3	262	100
2614	4	262	100
2615	5	262	100
2616	6	262	100
2617	7	262	100
2618	8	262	100
2619	9	262	100
2620	10	262	100
2621	1	263	100
2622	2	263	100
2623	3	263	100
2624	4	263	100
2625	5	263	100
2626	6	263	100
2627	7	263	100
2628	8	263	100
2629	9	263	100
2630	10	263	100
2631	1	264	100
2632	2	264	100
2633	3	264	100
2634	4	264	100
2635	5	264	100
2636	6	264	100
2637	7	264	100
2638	8	264	100
2639	9	264	100
2640	10	264	100
2641	1	265	100
2642	2	265	100
2643	3	265	100
2644	4	265	100
2645	5	265	100
2646	6	265	100
2647	7	265	100
2648	8	265	100
2649	9	265	100
2650	10	265	100
2651	1	266	100
2652	2	266	100
2653	3	266	100
2654	4	266	100
2655	5	266	100
2656	6	266	100
2657	7	266	100
2658	8	266	100
2659	9	266	100
2660	10	266	100
2661	1	267	100
2662	2	267	100
2663	3	267	100
2664	4	267	100
2665	5	267	100
2666	6	267	100
2667	7	267	100
2668	8	267	100
2669	9	267	100
2670	10	267	100
2671	1	268	100
2672	2	268	100
2673	3	268	100
2674	4	268	100
2675	5	268	100
2676	6	268	100
2677	7	268	100
2678	8	268	100
2679	9	268	100
2680	10	268	100
2681	1	269	100
2682	2	269	100
2683	3	269	100
2684	4	269	100
2685	5	269	100
2686	6	269	100
2687	7	269	100
2688	8	269	100
2689	9	269	100
2690	10	269	100
2691	1	270	100
2692	2	270	100
2693	3	270	100
2694	4	270	100
2695	5	270	100
2696	6	270	100
2697	7	270	100
2698	8	270	100
2699	9	270	100
2700	10	270	100
2701	1	271	100
2702	2	271	100
2703	3	271	100
2704	4	271	100
2705	5	271	100
2706	6	271	100
2707	7	271	100
2708	8	271	100
2709	9	271	100
2710	10	271	100
2711	1	272	100
2712	2	272	100
2713	3	272	100
2714	4	272	100
2715	5	272	100
2716	6	272	100
2717	7	272	100
2718	8	272	100
2719	9	272	100
2720	10	272	100
2721	1	273	100
2722	2	273	100
2723	3	273	100
2724	4	273	100
2725	5	273	100
2726	6	273	100
2727	7	273	100
2728	8	273	100
2729	9	273	100
2730	10	273	100
2731	1	274	100
2732	2	274	100
2733	3	274	100
2734	4	274	100
2735	5	274	100
2736	6	274	100
2737	7	274	100
2738	8	274	100
2739	9	274	100
2740	10	274	100
2741	1	275	100
2742	2	275	100
2743	3	275	100
2744	4	275	100
2745	5	275	100
2746	6	275	100
2747	7	275	100
2748	8	275	100
2749	9	275	100
2750	10	275	100
2751	1	276	100
2752	2	276	100
2753	3	276	100
2754	4	276	100
2755	5	276	100
2756	6	276	100
2757	7	276	100
2758	8	276	100
2759	9	276	100
2760	10	276	100
2761	1	277	100
2762	2	277	100
2763	3	277	100
2764	4	277	100
2765	5	277	100
2766	6	277	100
2767	7	277	100
2768	8	277	100
2769	9	277	100
2770	10	277	100
2771	1	278	100
2772	2	278	100
2773	3	278	100
2774	4	278	100
2775	5	278	100
2776	6	278	100
2777	7	278	100
2778	8	278	100
2779	9	278	100
2780	10	278	100
2781	1	279	100
2782	2	279	100
2783	3	279	100
2784	4	279	100
2785	5	279	100
2786	6	279	100
2787	7	279	100
2788	8	279	100
2789	9	279	100
2790	10	279	100
2791	1	280	100
2792	2	280	100
2793	3	280	100
2794	4	280	100
2795	5	280	100
2796	6	280	100
2797	7	280	100
2798	8	280	100
2799	9	280	100
2800	10	280	100
2801	1	281	100
2802	2	281	100
2803	3	281	100
2804	4	281	100
2805	5	281	100
2806	6	281	100
2807	7	281	100
2808	8	281	100
2809	9	281	100
2810	10	281	100
2811	1	282	100
2812	2	282	100
2813	3	282	100
2814	4	282	100
2815	5	282	100
2816	6	282	100
2817	7	282	100
2818	8	282	100
2819	9	282	100
2820	10	282	100
2821	1	283	100
2822	2	283	100
2823	3	283	100
2824	4	283	100
2825	5	283	100
2826	6	283	100
2827	7	283	100
2828	8	283	100
2829	9	283	100
2830	10	283	100
2831	1	284	100
2832	2	284	100
2833	3	284	100
2834	4	284	100
2835	5	284	100
2836	6	284	100
2837	7	284	100
2838	8	284	100
2839	9	284	100
2840	10	284	100
2841	1	285	100
2842	2	285	100
2843	3	285	100
2844	4	285	100
2845	5	285	100
2846	6	285	100
2847	7	285	100
2848	8	285	100
2849	9	285	100
2850	10	285	100
2851	1	286	100
2852	2	286	100
2853	3	286	100
2854	4	286	100
2855	5	286	100
2856	6	286	100
2857	7	286	100
2858	8	286	100
2859	9	286	100
2860	10	286	100
2861	1	287	100
2862	2	287	100
2863	3	287	100
2864	4	287	100
2865	5	287	100
2866	6	287	100
2867	7	287	100
2868	8	287	100
2869	9	287	100
2870	10	287	100
2871	1	288	100
2872	2	288	100
2873	3	288	100
2874	4	288	100
2875	5	288	100
2876	6	288	100
2877	7	288	100
2878	8	288	100
2879	9	288	100
2880	10	288	100
2881	1	289	100
2882	2	289	100
2883	3	289	100
2884	4	289	100
2885	5	289	100
2886	6	289	100
2887	7	289	100
2888	8	289	100
2889	9	289	100
2890	10	289	100
2891	1	290	100
2892	2	290	100
2893	3	290	100
2894	4	290	100
2895	5	290	100
2896	6	290	100
2897	7	290	100
2898	8	290	100
2899	9	290	100
2900	10	290	100
2901	1	291	100
2902	2	291	100
2903	3	291	100
2904	4	291	100
2905	5	291	100
2906	6	291	100
2907	7	291	100
2908	8	291	100
2909	9	291	100
2910	10	291	100
2911	1	292	100
2912	2	292	100
2913	3	292	100
2914	4	292	100
2915	5	292	100
2916	6	292	100
2917	7	292	100
2918	8	292	100
2919	9	292	100
2920	10	292	100
2921	1	293	100
2922	2	293	100
2923	3	293	100
2924	4	293	100
2925	5	293	100
2926	6	293	100
2927	7	293	100
2928	8	293	100
2929	9	293	100
2930	10	293	100
2931	1	294	100
2932	2	294	100
2933	3	294	100
2934	4	294	100
2935	5	294	100
2936	6	294	100
2937	7	294	100
2938	8	294	100
2939	9	294	100
2940	10	294	100
2941	1	295	100
2942	2	295	100
2943	3	295	100
2944	4	295	100
2945	5	295	100
2946	6	295	100
2947	7	295	100
2948	8	295	100
2949	9	295	100
2950	10	295	100
2951	1	296	100
2952	2	296	100
2953	3	296	100
2954	4	296	100
2955	5	296	100
2956	6	296	100
2957	7	296	100
2958	8	296	100
2959	9	296	100
2960	10	296	100
2961	1	297	100
2962	2	297	100
2963	3	297	100
2964	4	297	100
2965	5	297	100
2966	6	297	100
2967	7	297	100
2968	8	297	100
2969	9	297	100
2970	10	297	100
2971	1	298	100
2972	2	298	100
2973	3	298	100
2974	4	298	100
2975	5	298	100
2976	6	298	100
2977	7	298	100
2978	8	298	100
2979	9	298	100
2980	10	298	100
2981	1	299	100
2982	2	299	100
2983	3	299	100
2984	4	299	100
2985	5	299	100
2986	6	299	100
2987	7	299	100
2988	8	299	100
2989	9	299	100
2990	10	299	100
2991	1	300	100
2992	2	300	100
2993	3	300	100
2994	4	300	100
2995	5	300	100
2996	6	300	100
2997	7	300	100
2998	8	300	100
2999	9	300	100
3000	10	300	100
